5265.81251 17.599 0.012
5266.79609 17.767 0.016
5267.78687 17.908 0.016
5268.82630 17.870 0.015
5269.77248 17.714 0.014
5270.76156 17.597 0.013
5271.84391 17.691 0.013
5272.75785 17.940 0.022
5273.81683 17.802 0.014
5274.78262 17.877 0.018
5275.82946 17.878 0.018
5276.76422 17.649 0.014
5276.89165 17.918 0.016
5277.80062 17.644 0.015
5278.77220 17.747 0.018
5279.77987 17.941 0.021
5280.86331 17.672 0.012
5281.76642 17.795 0.016
5281.90119 17.658 0.012
5282.77882 17.726 0.017
5283.72958 17.629 0.020
5285.72410 17.910 0.030
5285.73097 17.922 0.029
5286.73537 17.876 0.020
5287.74451 17.770 0.018
5288.72103 17.608 0.016
5292.78867 17.852 0.020
5293.79948 17.798 0.016
5294.74662 17.724 0.014
5294.78402 17.818 0.013
5294.82121 17.865 0.013
5294.85128 17.890 0.014
5295.74759 17.626 0.013
5295.78596 17.742 0.013
5295.82442 17.822 0.015
5295.86236 17.869 0.014
5296.79185 17.650 0.012
5296.82632 17.711 0.012
5296.86373 17.789 0.012
5297.78498 17.643 0.012
5297.82301 17.607 0.012
5297.86080 17.687 0.011
5298.78586 17.820 0.014
5298.82372 17.620 0.013
5300.84144 17.892 0.015
5301.77494 17.743 0.015
5301.81227 17.817 0.014
5301.84979 17.876 0.016
5301.89003 17.852 0.018
5304.73529 17.912 0.022
5307.69778 17.597 0.013
5308.68905 17.692 0.015
5308.75090 17.652 0.014
5309.68680 17.884 0.020
5310.66651 17.830 0.019
5310.73246 17.855 0.018
5310.78882 17.663 0.014
5313.79500 17.864 0.021
5313.83400 17.901 0.022
5314.68275 17.651 0.020
5314.72519 17.621 0.020
5315.65143 17.939 0.034
5315.70019 17.841 0.031
5315.74817 17.655 0.021
5320.65919 17.656 0.015
5321.65853 17.891 0.023
5321.72647 17.647 0.014
5323.67738 17.940 0.022
5324.70612 17.876 0.019
5324.74525 17.821 0.015
5325.64429 17.611 0.014
5326.67331 17.646 0.014
5326.73399 17.673 0.014
5327.68748 17.620 0.013
5327.75841 17.635 0.013
5327.79730 17.710 0.015
5328.60940 17.807 0.016
5328.68340 17.874 0.016
5328.75228 17.630 0.011
5329.70711 17.897 0.019
5334.69575 17.734 0.016
5334.77654 17.669 0.013
5334.83630 17.799 0.015
5335.71991 17.894 0.015
5335.75915 17.658 0.012
5336.79303 17.634 0.015
5336.92243 17.757 0.018
5337.76900 17.901 0.016
5337.80890 17.839 0.017
5338.76654 17.839 0.017
5338.80575 17.950 0.028
5338.84704 17.805 0.024
5339.64214 17.713 0.020
5339.68196 17.617 0.018
5339.74836 17.641 0.017
5339.81362 17.879 0.020
5339.87925 17.797 0.021
5339.91917 17.663 0.022
5340.62811 17.851 0.027
5340.66579 17.824 0.020
5340.75234 17.650 0.018
5340.81005 17.709 0.025
5340.84807 17.877 0.024
5340.88654 17.904 0.020
5340.92415 17.832 0.024
5341.59832 17.803 0.019
5341.67149 17.911 0.017
5341.74287 17.644 0.015
5341.81744 17.652 0.015
5341.85564 17.776 0.017
5341.89338 17.865 0.018
5341.93357 17.887 0.023
5342.60766 17.696 0.022
5342.64514 17.803 0.024
5342.68276 17.900 0.020
5342.72027 17.801 0.019
5343.58840 17.625 0.023
5343.62601 17.692 0.023
5343.66369 17.756 0.020
5343.70143 17.871 0.021
5343.73943 17.904 0.022
5343.77984 17.882 0.021
5343.81892 17.620 0.020
5348.60385 17.748 0.019
5348.67332 17.890 0.020
5349.60280 17.836 0.023
5349.68458 17.779 0.019
5349.77939 17.846 0.023
5349.81740 17.637 0.015
5349.85661 17.642 0.019
5350.65501 17.626 0.018
5350.69256 17.732 0.020
5350.73127 17.941 0.021
5351.59336 17.806 0.016
5351.65050 17.618 0.013
5351.72964 17.717 0.015
5351.81565 17.884 0.019
5351.88988 17.673 0.022
5352.60457 17.829 0.020
5352.65291 17.645 0.015
5353.63610 17.917 0.017
5353.71286 17.638 0.013
5354.57684 17.713 0.017
5354.65862 17.915 0.018
5354.75393 17.622 0.015
5354.83017 17.722 0.016
5355.59969 17.636 0.014
5355.68424 17.918 0.017
5355.77130 17.695 0.017
5357.61272 17.666 0.017
5357.68183 17.667 0.016
5357.77227 17.880 0.020
5357.87253 17.622 0.020
5358.65069 17.632 0.013
5358.74524 17.754 0.015
5358.85541 17.934 0.020
5359.57813 17.854 0.021
5359.62235 17.860 0.019
5359.67552 17.668 0.015
5359.72347 17.611 0.016
5359.77289 17.670 0.015
5359.81301 17.761 0.016
5359.85869 17.892 0.021
5359.89795 17.874 0.024
5361.67055 17.890 0.020
5362.58518 17.645 0.020
5362.66595 17.763 0.014
5362.76045 17.849 0.016
5362.88043 17.700 0.023
5364.52304 17.811 0.019
5364.56802 17.890 0.016
5364.63942 17.632 0.012
5364.73525 17.770 0.019
5364.79226 17.892 0.023
5364.83164 17.854 0.018
5364.87163 17.763 0.018
5365.54087 17.840 0.022
5365.58529 17.918 0.019
5365.65977 17.681 0.017
5365.75562 17.699 0.016
5365.83031 17.924 0.020
5365.86896 17.939 0.025
5368.61480 17.726 0.017
5368.79293 17.619 0.015
5369.74034 17.895 0.025
5369.78516 17.816 0.028
5369.82442 17.688 0.019
5376.63062 17.624 0.020
5376.67023 17.723 0.022
5376.71048 17.787 0.020
5376.74874 17.858 0.023
5376.78701 17.887 0.020
5376.82520 17.802 0.023
5376.86316 17.602 0.024
5377.51919 17.849 0.019
5377.56121 17.841 0.020
5377.60253 17.734 0.020
5377.64892 17.625 0.013
5377.66934 17.625 0.015
5377.71456 17.700 0.014
5377.75764 17.757 0.016
5377.80034 17.899 0.020
5377.83855 17.912 0.022
5378.49282 17.671 0.015
5378.56315 17.837 0.015
5378.64782 17.810 0.016
5378.72418 17.602 0.014
5379.51759 17.665 0.017
5379.59958 17.864 0.016
5380.52908 17.590 0.013
5380.58206 17.686 0.013
5380.66844 17.918 0.015
5380.72484 17.823 0.015
5380.76309 17.612 0.015
5381.53860 17.608 0.016
5381.61629 17.762 0.022
5381.67572 17.775 0.018
5381.71401 17.947 0.023
5381.75216 17.766 0.024
5381.79907 17.637 0.019
5381.83720 17.653 0.023
5382.52737 17.899 0.021
5382.56493 17.731 0.023
5382.61437 17.537 0.016
5382.65295 17.687 0.017
5382.69407 17.771 0.016
5382.73389 17.825 0.019
5382.82244 17.839 0.025
5383.77803 17.914 0.024
5384.80155 17.915 0.033
5385.47211 17.631 0.016
5385.51133 17.669 0.014
5385.52508 17.680 0.014
5387.50533 17.742 0.013
5388.46914 17.904 0.021
5388.50676 17.924 0.018
5388.56664 17.632 0.014
5389.46717 17.821 0.024
5389.50607 17.844 0.019
5389.54455 17.793 0.016
5390.53932 17.809 0.019
5390.67075 17.622 0.017
5390.72045 17.676 0.014
5390.75870 17.769 0.014
5391.47145 17.634 0.020
5391.53056 17.769 0.017
5391.56790 17.909 0.021
5391.65144 17.877 0.017
5392.46759 17.677 0.020
5392.50542 17.616 0.015
5392.54442 17.670 0.015
5392.62834 17.877 0.015
5393.65227 17.852 0.019
5393.69069 17.892 0.019
5393.72862 17.872 0.021
5393.77412 17.716 0.019
5393.81199 17.609 0.020
5396.52650 17.941 0.024
5396.60076 17.792 0.017
5396.66389 17.650 0.016
5396.77094 17.833 0.015
5397.70206 17.648 0.019
5402.64042 17.598 0.023
5402.65695 17.613 0.022
5403.49325 17.771 0.016
5403.53041 17.802 0.016
5403.56793 17.918 0.019
5403.60841 17.828 0.018
5403.64776 17.588 0.015
5403.68583 17.637 0.016
5403.72679 17.703 0.019
5403.76458 17.715 0.025
5404.46850 17.615 0.018
5404.50641 17.699 0.016
5404.66462 17.850 0.018
5404.70355 17.632 0.018
5404.74304 17.591 0.019
5404.78684 17.723 0.024
5405.64154 17.947 0.023
5405.68137 17.903 0.021
5405.71923 17.682 0.018
5405.75680 17.622 0.018
5407.49599 17.873 0.019
5407.53401 17.751 0.018
5407.57230 17.649 0.019
5407.61295 17.750 0.020
5407.65116 17.755 0.018
5407.69019 17.884 0.021
5407.76621 17.869 0.022
5408.52023 17.851 0.021
5408.56752 17.753 0.019
5408.60754 17.646 0.015
5408.64587 17.662 0.017
5408.68460 17.716 0.017
5408.72250 17.894 0.022
5408.76023 17.943 0.027
5409.47027 17.748 0.020
5409.50804 17.827 0.018
5409.59476 17.859 0.014
5409.70129 17.673 0.015
5409.76243 17.854 0.020
5410.47113 17.652 0.019
5410.51278 17.765 0.016
5410.59790 17.882 0.015
5410.70473 17.640 0.015
5410.76668 17.772 0.018
5411.48896 17.627 0.012
5411.52687 17.715 0.013
5411.63373 17.849 0.013
5411.74160 17.621 0.014
5412.51134 17.604 0.014
5412.55080 17.618 0.015
5412.59102 17.700 0.019
5412.62943 17.814 0.018
5412.67271 17.880 0.019
5412.73356 17.790 0.019
5413.49242 17.895 0.017
5413.55313 17.623 0.013
5413.66017 17.845 0.013
5413.74462 17.896 0.016
5414.51059 17.922 0.015
5414.59583 17.644 0.013
5414.70747 17.791 0.016
5416.63038 17.867 0.020
5416.68548 17.549 0.016
5418.54755 17.692 0.011
5418.59763 17.792 0.013
5418.64776 17.882 0.015
5418.69717 17.924 0.018
5421.50575 17.844 0.018
5421.54891 17.907 0.016
5421.56546 17.810 0.015
5421.61019 17.635 0.013
5421.65313 17.605 0.014
5421.69555 17.765 0.016
5422.48974 17.772 0.018
5422.53047 17.884 0.020
5422.62900 17.660 0.012
5423.51306 17.693 0.013
5423.58468 17.863 0.015
5423.69254 17.636 0.017
5425.52139 17.654 0.013
5426.48807 17.897 0.039
5426.52750 17.667 0.032
5430.47474 17.567 0.021
5430.51350 17.697 0.020
5430.55959 17.763 0.019
5430.59763 17.861 0.020
5430.63666 17.931 0.022
5431.47565 17.680 0.020
5431.51438 17.595 0.015
5431.55467 17.700 0.016
5431.59242 17.763 0.017
5431.63389 17.824 0.023
5432.65104 17.840 0.025
5433.62940 17.703 0.019
5433.67492 17.731 0.022
5434.50557 17.915 0.020
5434.55086 17.930 0.024
5434.58930 17.734 0.018
5434.63652 17.650 0.017
5435.47787 17.725 0.018
5435.51785 17.826 0.019
5435.56298 17.883 0.020
5435.63384 17.704 0.016
5435.68206 17.622 0.016
5436.47574 17.628 0.019
5436.54285 17.747 0.019
5436.66003 17.753 0.019
5437.49841 17.610 0.014
5437.62199 17.875 0.015
5438.51090 17.693 0.017
5438.57316 17.671 0.018
5438.65099 17.911 0.019
5438.68862 17.902 0.019
5439.52063 17.879 0.022
5439.56693 17.656 0.017
5439.60440 17.573 0.017
5439.64256 17.768 0.020
5443.49609 17.687 0.018
5443.53503 17.775 0.018
5443.58089 17.838 0.018
5443.61870 17.902 0.020
5443.66110 17.858 0.018
5444.48441 17.753 0.019
5444.53449 17.650 0.017
5444.59109 17.770 0.017
5444.63315 17.826 0.020
5444.67127 17.890 0.025
5445.53703 17.677 0.017
5445.64092 17.779 0.016
5445.68006 17.863 0.017
5446.51547 17.887 0.018
5446.56125 17.662 0.015
5446.60107 17.632 0.016
5446.64029 17.697 0.017
5447.48776 17.834 0.015
5447.53100 17.895 0.017
5447.57026 17.923 0.018
5447.63569 17.640 0.017
5448.50832 17.783 0.018
5448.54703 17.887 0.019
5448.56181 17.929 0.019
5448.66308 17.617 0.019
5449.50309 17.702 0.019
5449.61735 17.855 0.019
5450.50599 17.657 0.016
5450.54362 17.652 0.016
5450.58690 17.773 0.018
5450.63182 17.925 0.025
5453.47568 17.883 0.044
5453.54121 17.802 0.032
5457.47452 17.800 0.025
5457.54227 17.642 0.014
5458.47602 17.883 0.035
5458.52487 17.662 0.021
5459.49169 17.891 0.020
5459.54618 17.839 0.019
5460.48165 17.825 0.026
5462.47773 17.591 0.026
5462.53116 17.712 0.018
5462.62159 17.857 0.026
5463.50192 17.585 0.015
5463.54398 17.666 0.017
5464.49217 17.822 0.019
5464.53397 17.642 0.016
5465.50788 17.948 0.024
5467.48107 17.734 0.024
5468.55061 17.786 0.022
5469.60543 17.849 0.018
5471.51534 17.791 0.018
5471.58377 17.584 0.015
5472.54340 17.919 0.022
5472.54945 17.841 0.022
5473.49911 17.854 0.021
5476.49032 17.644 0.020
5477.53733 17.639 0.019
5479.50653 17.933 0.023
5480.48841 17.724 0.023
5480.55745 17.880 0.026
5481.52814 17.779 0.026
5483.51688 17.635 0.035
5486.49655 17.918 0.033
5487.54293 17.798 0.024
5488.53012 17.672 0.020
5489.51650 17.612 0.021
5490.51665 17.884 0.034
5494.52675 17.814 0.031
5595.86387 17.764 0.020
5596.85861 17.892 0.020
5598.85338 17.779 0.016
5599.85414 17.659 0.015
5600.85062 17.652 0.016
5601.88615 17.632 0.020
5602.85867 17.896 0.023
5604.86694 17.771 0.020
5605.86501 17.689 0.013
5606.86274 17.597 0.014
5607.86594 17.610 0.013
5610.88722 17.857 0.020
5614.84706 17.816 0.019
5615.85538 17.892 0.018
5616.84754 17.823 0.022
5620.81205 17.932 0.022
5621.83898 17.923 0.017
5622.87358 17.932 0.014
5625.81114 17.639 0.015
5626.80149 17.932 0.025
5627.83542 17.953 0.017
5629.81434 17.745 0.015
5630.79175 17.628 0.014
5631.79753 17.586 0.020
5632.82678 17.673 0.015
5633.78248 17.906 0.016
5635.84628 17.858 0.019
5637.79983 17.673 0.019
5638.78624 17.838 0.020
5639.78180 17.904 0.020
5639.85754 17.623 0.013
5640.78645 17.831 0.022
5640.82477 17.903 0.019
5640.87244 17.729 0.015
5640.91334 17.633 0.020
5641.77926 17.721 0.016
5641.82164 17.852 0.018
5641.85984 17.944 0.019
5641.90448 17.851 0.018
5642.78157 17.629 0.016
5642.84059 17.799 0.017
5642.90047 17.925 0.020
5643.75611 17.677 0.018
5643.79430 17.676 0.017
5643.85416 17.748 0.015
5643.89501 17.812 0.015
5644.76004 17.834 0.052
5644.81347 17.670 0.016
5644.87124 17.676 0.016
5647.76726 17.770 0.017
5647.85069 17.848 0.016
5647.86732 17.872 0.018
5647.88331 17.864 0.019
5647.90114 17.720 0.020
5648.74585 17.626 0.018
5648.80837 17.778 0.014
5648.85239 17.815 0.013
5648.89561 17.907 0.017
5649.75165 17.631 0.013
5649.79083 17.637 0.012
5649.85827 17.826 0.014
5649.89678 17.893 0.015
5650.74200 17.849 0.016
5650.78271 17.642 0.011
5650.84507 17.681 0.012
5650.88925 17.737 0.015
5651.76436 17.859 0.015
5651.80703 17.717 0.013
5651.87765 17.652 0.014
5652.74445 17.819 0.014
5652.80589 17.873 0.013
5652.84819 17.714 0.012
5653.90196 17.666 0.011
5706.65863 17.944 0.020
5706.75515 17.670 0.018
5787.64732 17.593 0.015
5802.57704 17.894 0.020
5807.54994 17.899 0.021
5846.50048 17.724 0.028
5990.81764 17.631 0.016
5991.80546 17.715 0.020
5991.83362 17.631 0.013
5992.80310 17.849 0.020
5992.82338 17.858 0.018
5992.83648 17.730 0.014
5992.85075 17.667 0.013
5992.86548 17.664 0.013
5993.80587 17.887 0.022
5993.84505 17.878 0.018
5993.86235 17.940 0.027
5993.88818 17.676 0.014
5993.90697 17.666 0.017
5994.79871 17.838 0.018
5994.81690 17.812 0.018
5994.83125 17.857 0.019
5994.86769 17.825 0.020
5995.83450 17.790 0.014
5995.86443 17.833 0.014
5995.88160 17.862 0.017
5996.78519 17.707 0.020
5996.82406 17.681 0.015
5996.87102 17.789 0.014
5996.90845 17.852 0.015
5999.81649 17.882 0.017
5999.86490 17.753 0.014
5999.90326 17.611 0.013
6004.83145 17.635 0.013
6004.87988 17.681 0.012
6004.91784 17.731 0.020
6005.78604 17.896 0.015
6006.80284 17.853 0.013
6007.76431 17.688 0.013
6007.81172 17.801 0.013
6011.78231 17.890 0.016
6012.73888 17.775 0.015
6045.90767 17.748 0.017
6061.76227 17.707 0.011
6066.64906 17.888 0.016
6066.68714 17.865 0.014
6066.72521 17.707 0.013
6086.76707 17.650 0.014
6086.80698 17.653 0.017
6097.82716 17.780 0.017
6097.86687 17.904 0.020
6157.65956 17.817 0.020
6221.51242 17.656 0.027
6221.54138 17.744 0.032
6224.51562 17.790 0.026
6334.87081 17.889 0.016
6337.86223 17.697 0.015
6338.88254 17.607 0.012
6341.87583 17.982 0.020
6343.87930 17.752 0.015
6344.83237 17.622 0.012
6344.87144 17.686 0.011
6349.84791 17.746 0.018
6349.88536 17.811 0.020
6350.88249 17.694 0.014
6352.88022 17.645 0.012
6353.85583 17.834 0.015
6354.88766 17.929 0.017
6360.84582 17.898 0.013
6360.89472 17.875 0.014
6361.83135 17.716 0.012
6361.86894 17.898 0.014
6362.82922 17.694 0.013
6362.85524 17.711 0.013
6362.90687 17.897 0.018
6363.88136 17.689 0.012
6367.84384 17.835 0.012
6367.88216 17.958 0.012
6368.83295 17.751 0.012
6368.87226 17.802 0.013
6368.91258 17.887 0.020
6369.84149 17.661 0.011
6369.89764 17.771 0.012
6370.82983 17.648 0.012
6370.87265 17.637 0.011
6370.91298 17.697 0.013
6371.84299 17.810 0.014
6371.88179 17.651 0.010
6372.83546 17.930 0.014
6372.87553 17.865 0.013
6373.84954 17.910 0.014
6373.88932 17.939 0.016
6374.84474 17.817 0.014
6374.88434 17.917 0.015
6375.85943 17.726 0.011
6375.90005 17.833 0.011
6376.81539 17.645 0.012
6376.85535 17.622 0.012
6377.77758 17.905 0.014
6377.82766 17.774 0.012
6377.86741 17.657 0.010
6377.90990 17.644 0.010
6378.77402 17.779 0.015
6378.82310 17.909 0.014
6378.86426 17.819 0.012
6378.90372 17.619 0.011
6379.75919 17.707 0.014
6379.80769 17.799 0.014
6379.84740 17.934 0.016
6379.89372 17.880 0.015
6380.74832 17.616 0.013
6380.78734 17.684 0.012
6380.85032 17.813 0.014
6380.89121 17.917 0.014
6381.74735 17.666 0.014
6381.75071 17.651 0.013
6381.79581 17.624 0.011
6381.84446 17.754 0.012
6381.88369 17.807 0.012
6382.78946 17.624 0.018
6382.82868 17.631 0.019
6382.86898 17.705 0.018
6386.78248 17.711 0.013
6386.83894 17.869 0.015
6386.88757 17.872 0.017
6387.75704 17.678 0.011
6387.79880 17.686 0.012
6387.84002 17.734 0.011
6387.87786 17.825 0.014
6388.81855 17.635 0.011
6388.88671 17.770 0.013
6389.79921 17.761 0.012
6389.83600 17.670 0.013
6389.87462 17.687 0.012
6389.91880 17.763 0.015
6390.78220 17.896 0.014
6390.82319 17.856 0.014
6390.86666 17.622 0.011
6390.91353 17.651 0.012
6391.79333 17.875 0.016
6391.84539 17.932 0.019
6391.88737 17.720 0.018
6393.76677 17.655 0.013
6393.80607 17.686 0.013
6393.85844 17.827 0.015
6394.77387 17.721 0.015
6394.82135 17.668 0.013
6394.86042 17.748 0.014
6394.92512 17.910 0.017
6395.77356 17.833 0.013
6395.82324 17.579 0.010
6395.86226 17.655 0.010
6395.90632 17.755 0.011
6396.75731 17.917 0.012
6396.80706 17.907 0.012
6396.84981 17.616 0.009
6396.89075 17.665 0.011
6396.93036 17.726 0.020
6397.72343 17.725 0.012
6397.77425 17.924 0.012
6397.82317 17.936 0.012
6397.86100 17.769 0.012
6397.89974 17.670 0.011
6398.73084 17.652 0.011
6398.79264 17.804 0.012
6398.83066 17.904 0.013
6398.87160 17.897 0.015
6398.91167 17.703 0.012
6399.73653 17.634 0.013
6399.78539 17.735 0.012
6399.83321 17.830 0.013
6399.87243 17.852 0.015
6400.70116 17.849 0.015
6400.74573 17.661 0.013
6400.81189 17.691 0.013
6400.86730 17.845 0.015
6400.91232 17.860 0.015
6401.70823 17.919 0.017
6401.75529 17.833 0.012
6401.80627 17.641 0.012
6401.84476 17.647 0.011
6401.88658 17.720 0.011
6401.92447 17.840 0.014
6402.71765 17.916 0.015
6402.76490 17.984 0.017
6402.81183 17.712 0.012
6402.85197 17.649 0.014
6402.89314 17.721 0.017
6403.72104 17.913 0.013
6403.75857 17.865 0.012
6403.80709 17.909 0.012
6403.84539 17.788 0.013
6403.90073 17.609 0.011
6404.74211 17.763 0.016
6404.79098 17.836 0.014
6404.82982 17.894 0.014
6404.86936 17.898 0.015
6404.92168 17.671 0.013
6405.84733 17.890 0.014
6405.87350 17.942 0.011
6405.91458 17.844 0.011
6406.83712 17.713 0.022
6406.89299 17.883 0.015
6406.93451 17.870 0.019
6407.71190 17.833 0.019
6407.74982 17.730 0.014
6407.78789 17.641 0.013
6407.83691 17.644 0.013
6407.87747 17.799 0.015
6407.92562 17.885 0.020
6408.78174 17.826 0.020
6408.82229 17.637 0.017
6409.89542 17.642 0.018
6409.93333 17.719 0.024
6415.77383 17.905 0.020
6415.81431 17.712 0.014
6415.86670 17.669 0.017
6415.91553 17.748 0.015
6416.70103 17.720 0.015
6416.76416 17.851 0.013
6416.81158 17.912 0.013
6416.86782 17.664 0.012
6416.91748 17.665 0.011
6417.68877 17.683 0.017
6417.72685 17.676 0.013
6417.76435 17.732 0.014
6417.81201 17.864 0.013
6417.85255 17.862 0.016
6417.90141 17.666 0.015
6417.93987 17.593 0.027
6418.70006 17.621 0.013
6418.73755 17.637 0.012
6418.77514 17.712 0.012
6418.82446 17.824 0.012
6418.86419 17.904 0.013
6418.91154 17.875 0.014
6419.71135 17.826 0.013
6419.74942 17.622 0.011
6419.78826 17.606 0.013
6419.83950 17.795 0.014
6419.88713 17.830 0.014
6419.92516 17.899 0.015
6420.65354 17.887 0.013
6420.69112 17.924 0.013
6420.72894 17.891 0.012
6420.76485 17.726 0.011
6420.82460 17.672 0.010
6420.86335 17.719 0.011
6420.91230 17.826 0.012
6421.83344 17.641 0.013
6421.89201 17.626 0.015
6422.73712 17.895 0.013
6422.77494 17.904 0.014
6422.89724 17.715 0.022
6423.69478 17.658 0.013
6423.75200 17.784 0.016
6423.81604 17.925 0.015
6423.85462 17.825 0.014
6423.89328 17.669 0.013
6423.93133 17.595 0.013
6424.65490 17.719 0.013
6424.69537 17.632 0.011
6424.75472 17.693 0.011
6424.80564 17.834 0.012
6424.84906 17.874 0.014
6424.89055 17.882 0.014
6426.65302 17.829 0.014
6426.72914 17.780 0.010
6426.80072 17.651 0.012
6426.85241 17.671 0.011
6426.89352 17.835 0.013
6426.93417 17.974 0.019
6427.77903 17.701 0.011
6427.89503 17.775 0.013
6428.64515 17.701 0.016
6428.69463 17.756 0.015
6428.73611 17.886 0.016
6428.78665 17.873 0.014
6428.84062 17.631 0.015
6428.88319 17.595 0.013
6428.92354 17.736 0.019
6431.63719 17.899 0.019
6431.68365 17.773 0.016
6431.73422 17.588 0.011
6431.78637 17.736 0.013
6431.82799 17.826 0.013
6431.86830 17.928 0.016
6431.90896 17.996 0.020
6432.66534 17.960 0.018
6432.70829 17.851 0.014
6432.76764 17.648 0.012
6432.80952 17.714 0.012
6432.84956 17.787 0.014
6432.89028 17.878 0.019
6432.93079 17.932 0.020
6433.65424 17.849 0.017
6433.69488 17.933 0.016
6433.74475 17.817 0.017
6433.79641 17.695 0.015
6433.84986 17.667 0.010
6434.61405 17.719 0.019
6434.65430 17.787 0.017
6434.69655 17.867 0.016
6434.74604 17.897 0.014
6434.79768 17.800 0.014
6434.83896 17.664 0.014
6434.88689 17.640 0.014
6434.93251 17.672 0.019
6435.64468 17.614 0.013
6435.68468 17.753 0.016
6435.73710 17.832 0.014
6435.78804 17.867 0.016
6435.83024 17.905 0.016
6435.87402 17.652 0.014
6435.91597 17.672 0.013
6436.63068 17.720 0.016
6436.67370 17.630 0.013
6436.71539 17.751 0.015
6436.77908 17.800 0.015
6436.81987 17.883 0.018
6436.86164 17.915 0.021
6436.90308 17.664 0.016
6436.94504 17.597 0.024
6441.64459 17.718 0.022
6441.77826 17.908 0.020
6441.83113 17.709 0.019
6441.87464 17.585 0.017
6441.91640 17.627 0.019
6442.61118 17.724 0.012
6442.65119 17.662 0.012
6442.69125 17.677 0.011
6442.75339 17.797 0.012
6442.79511 17.944 0.013
6442.83549 17.889 0.013
6442.87531 17.676 0.012
6442.91513 17.646 0.016
6443.67409 17.620 0.010
6443.75567 17.706 0.014
6443.82416 17.802 0.017
6444.76114 17.643 0.013
6444.81436 17.778 0.015
6444.85525 17.877 0.015
6444.89700 17.942 0.019
6445.62587 17.787 0.015
6445.68420 17.965 0.014
6445.72914 17.786 0.014
6445.78802 17.608 0.012
6445.83362 17.753 0.014
6445.87878 17.800 0.016
6446.61669 17.731 0.012
6446.65801 17.802 0.011
6446.70972 17.902 0.012
6446.76520 17.789 0.012
6446.80553 17.646 0.010
6446.84811 17.684 0.012
6446.91543 17.758 0.017
6447.59286 17.638 0.012
6447.63194 17.635 0.011
6447.67265 17.778 0.013
6447.73246 17.875 0.013
6447.77740 17.865 0.014
6447.81911 17.661 0.011
6447.85923 17.613 0.012
6447.89981 17.677 0.014
6448.58170 17.788 0.015
6448.62187 17.688 0.013
6448.66230 17.672 0.013
6448.71297 17.749 0.013
6448.76535 17.900 0.013
6448.80691 17.910 0.013
6448.84832 17.736 0.013
6448.88887 17.652 0.018
6448.92465 17.732 0.025
6449.58094 17.930 0.015
6449.62192 17.797 0.014
6449.66516 17.647 0.013
6449.70549 17.661 0.011
6449.76705 17.787 0.014
6449.80816 17.846 0.015
6449.84901 17.920 0.017
6449.88948 17.854 0.021
6450.57249 17.843 0.015
6450.61524 17.930 0.015
6450.65825 17.855 0.012
6450.70732 17.610 0.009
6450.75793 17.671 0.011
6450.79960 17.734 0.012
6450.84038 17.869 0.015
6450.88562 17.972 0.020
6451.57521 17.871 0.018
6451.62052 17.852 0.017
6451.66093 17.889 0.016
6451.71290 17.784 0.013
6451.76532 17.629 0.011
6451.80561 17.697 0.015
6451.84653 17.759 0.016
6452.57613 17.737 0.013
6452.62508 17.806 0.011
6452.66577 17.895 0.013
6452.75698 17.705 0.010
6452.81789 17.628 0.010
6452.86056 17.703 0.013
6452.90353 17.885 0.019
6454.59217 17.678 0.012
6454.63465 17.615 0.011
6454.67536 17.714 0.011
6454.73707 17.899 0.013
6454.77850 17.922 0.013
6454.81963 17.844 0.015
6454.86025 17.669 0.014
6455.59495 17.908 0.014
6455.70173 17.628 0.010
6455.80201 17.928 0.014
6456.55841 17.932 0.013
6456.60079 17.877 0.011
6456.64196 17.840 0.010
6456.69363 17.664 0.009
6456.74591 17.696 0.010
6456.78718 17.827 0.013
6456.82819 17.878 0.013
6457.68506 17.862 0.011
6457.72208 17.617 0.010
6457.77424 17.661 0.010
6457.81564 17.719 0.015
6457.85663 17.851 0.015
6457.89229 17.918 0.019
6458.55773 17.774 0.017
6458.59897 17.781 0.014
6458.64018 17.868 0.013
6458.68078 17.955 0.015
6458.73341 17.803 0.014
6458.78405 17.636 0.012
6458.82490 17.700 0.013
6459.55105 17.652 0.014
6459.59201 17.667 0.013
6459.63488 17.783 0.013
6459.68670 17.902 0.013
6459.74311 17.885 0.012
6459.78394 17.717 0.012
6459.82468 17.659 0.013
6459.86558 17.721 0.014
6460.66501 17.724 0.012
6460.75079 17.909 0.015
6460.83650 17.632 0.012
6461.58085 17.825 0.015
6461.62228 17.669 0.013
6461.66706 17.651 0.013
6461.72390 17.823 0.017
6461.78525 17.936 0.015
6461.83680 17.875 0.013
6461.88717 17.598 0.014
6462.61061 17.867 0.017
6462.65222 17.664 0.012
6462.70435 17.661 0.016
6462.83127 17.909 0.017
6462.87221 17.823 0.019
6463.56615 17.813 0.017
6463.60531 17.876 0.020
6463.64651 17.938 0.019
6463.70180 17.639 0.015
6463.75532 17.632 0.013
6463.79661 17.667 0.014
6463.83779 17.832 0.016
6463.87211 17.989 0.020
6464.61404 17.814 0.020
6464.65445 17.917 0.021
6464.70211 17.871 0.019
6464.75431 17.621 0.016
6464.80517 17.704 0.017
6464.84682 17.822 0.020
6468.57186 17.892 0.019
6468.61197 17.824 0.017
6468.65314 17.618 0.014
6468.68233 17.663 0.015
6468.72524 17.632 0.015
6468.77572 17.823 0.017
6469.55389 17.863 0.018
6469.59410 17.912 0.017
6469.63426 17.911 0.014
6469.69963 17.663 0.014
6469.74124 17.680 0.014
6469.78171 17.757 0.018
6471.60802 17.785 0.016
6471.64969 17.925 0.020
6472.61926 17.728 0.017
6472.65573 17.801 0.015
6472.70854 17.896 0.015
6472.76018 17.887 0.016
6472.80075 17.626 0.013
6473.55079 17.798 0.018
6473.59304 17.628 0.012
6473.63338 17.648 0.010
6473.68549 17.742 0.012
6473.73632 17.838 0.014
6473.77740 17.916 0.017
6473.81778 17.886 0.018
6474.53991 17.965 0.020
6474.58007 17.926 0.016
6474.62540 17.683 0.014
6474.66676 17.657 0.013
6474.72098 17.752 0.015
6474.77079 17.818 0.016
6474.81112 17.943 0.027
6474.85134 17.937 0.025
6475.50725 17.814 0.017
6475.52984 17.702 0.018
6475.55037 17.873 0.016
6475.57196 17.901 0.017
6475.59936 17.962 0.016
6475.63318 17.808 0.012
6475.65846 17.682 0.011
6475.68428 17.600 0.011
6475.71164 17.672 0.014
6475.73341 17.666 0.012
6475.77371 17.793 0.016
6475.79413 17.808 0.015
6475.81583 17.911 0.020
6475.85531 17.974 0.024
6476.54062 17.793 0.017
6476.58147 17.840 0.016
6476.62284 17.918 0.015
6476.68829 17.634 0.013
6476.72917 17.558 0.012
6476.76994 17.675 0.013
6476.81048 17.804 0.017
6477.53396 17.631 0.013
6477.57513 17.716 0.012
6477.61581 17.842 0.014
6477.68165 17.883 0.015
6477.72244 17.819 0.015
6477.76298 17.580 0.014
6477.80408 17.654 0.019
6478.57175 17.654 0.014
6478.61194 17.717 0.013
6478.66772 17.846 0.016
6479.60714 17.597 0.011
6479.64942 17.689 0.012
6479.70396 17.920 0.019
6479.72529 18.001 0.019
6479.76121 18.016 0.019
6479.79461 17.888 0.017
6479.82624 17.719 0.018
6480.53016 17.973 0.021
6480.57358 17.859 0.016
6480.61415 17.681 0.017
6480.67664 17.710 0.012
6480.75753 17.870 0.015
6480.79905 17.897 0.017
6481.51131 17.833 0.020
6481.55436 17.872 0.016
6481.59594 17.935 0.016
6481.61056 17.894 0.016
6481.71349 17.727 0.016
6481.75453 17.786 0.016
6481.79825 17.880 0.019
6482.73878 17.744 0.019
6482.76071 17.763 0.019
6482.77158 17.794 0.019
6483.63563 17.943 0.013
6484.53542 17.645 0.013
6485.51412 17.809 0.015
6485.56138 17.635 0.014
6485.64022 17.769 0.012
6485.70275 17.911 0.013
6485.74558 17.914 0.013
6485.79162 17.718 0.016
6486.51449 17.926 0.016
6486.56083 17.875 0.014
6486.61107 17.599 0.011
6486.67198 17.694 0.012
6486.72485 17.843 0.015
6486.76992 17.911 0.014
6486.81360 17.818 0.015
6487.51440 17.874 0.014
6487.60166 17.831 0.011
6487.67440 17.651 0.011
6487.71571 17.681 0.010
6487.75888 17.841 0.014
6487.80421 17.956 0.016
6489.67487 17.891 0.018
6489.71708 17.663 0.015
6489.76375 17.800 0.018
6490.49392 17.628 0.013
6490.53470 17.631 0.013
6490.57591 17.722 0.013
6490.63584 17.870 0.014
6490.68103 17.924 0.014
6490.72167 17.841 0.014
6491.48185 17.832 0.020
6491.50420 17.813 0.018
6491.52479 17.646 0.015
6491.54954 17.640 0.013
6491.58651 17.643 0.014
6491.60953 17.686 0.013
6491.64381 17.778 0.015
6491.67565 17.876 0.016
6491.68115 17.941 0.018
6491.70153 17.954 0.016
6491.72341 17.926 0.016
6491.74341 17.967 0.017
6491.76574 17.821 0.016
6491.78586 17.727 0.016
6492.49355 17.947 0.028
6492.51058 17.840 0.019
6492.52477 17.850 0.019
6492.54008 17.783 0.016
6492.55537 17.737 0.016
6492.57089 17.658 0.013
6492.59032 17.659 0.014
6492.60553 17.600 0.012
6492.65526 17.735 0.018
6492.68361 17.776 0.016
6492.69894 17.803 0.015
6492.72717 17.802 0.019
6492.77090 17.849 0.027
6496.49888 17.681 0.019
6496.53897 17.726 0.020
6496.57932 17.841 0.025
6496.76947 17.698 0.024
6496.78424 17.682 0.024
6497.58355 17.738 0.017
6497.63598 17.744 0.017
6497.68658 17.871 0.019
6497.72771 17.900 0.020
6497.76846 17.713 0.019
6498.51291 17.876 0.012
6498.60261 17.661 0.011
6498.64957 17.692 0.012
6498.69238 17.885 0.015
6498.73568 17.885 0.015
6498.78122 17.890 0.020
6499.48354 17.832 0.015
6499.52733 17.885 0.013
6499.57003 17.824 0.014
6500.53935 17.896 0.023
6500.60852 17.827 0.021
6500.68084 17.692 0.015
6501.55932 17.897 0.017
6501.61999 17.948 0.014
6501.66541 17.706 0.012
6501.70782 17.650 0.013
6501.75074 17.730 0.018
6504.60877 17.705 0.012
6504.63079 17.751 0.013
6504.64955 17.790 0.014
6504.69301 17.899 0.016
6505.48710 17.868 0.017
6505.54815 17.823 0.015
6505.62201 17.682 0.013
6505.66287 17.725 0.013
6505.70460 17.839 0.017
6505.74670 17.932 0.021
6506.47749 17.798 0.019
6506.58519 17.848 0.018
6506.66086 17.590 0.013
6506.72250 17.824 0.018
6507.66432 17.710 0.018
6507.72138 17.646 0.019
6508.48015 17.646 0.016
6508.53908 17.759 0.013
6508.58303 17.900 0.015
6508.63011 17.887 0.012
6508.67208 17.813 0.012
6509.54375 17.665 0.011
6509.59559 17.700 0.010
6509.63768 17.892 0.013
6509.67899 17.900 0.014
6509.72152 17.814 0.015
6510.51321 17.635 0.011
6510.56576 17.654 0.010
6510.61162 17.740 0.011
6510.65367 17.806 0.012
6510.72386 17.928 0.020
6511.47536 17.921 0.020
6511.54329 17.737 0.014
6511.61374 17.666 0.015
6511.66874 17.761 0.014
6511.71815 17.896 0.016
6514.47645 17.661 0.016
6514.53770 17.751 0.014
6514.62222 17.899 0.013
6514.67321 17.698 0.011
6514.72826 17.683 0.012
6515.49087 17.605 0.011
6515.56195 17.744 0.012
6515.62460 17.920 0.012
6515.71341 17.740 0.011
6516.47843 17.822 0.019
6516.54836 17.628 0.014
6516.61624 17.840 0.013
6518.51373 17.959 0.015
6518.57661 17.690 0.011
6519.50966 17.846 0.012
6519.58165 17.898 0.015
6519.62970 17.637 0.012
6519.68208 17.665 0.013
6519.72903 17.751 0.019
6523.51411 17.734 0.014
6523.55257 17.637 0.013
6523.58987 17.655 0.012
6523.62896 17.742 0.017
6523.66954 17.817 0.021
6524.48735 17.871 0.018
6524.53610 17.831 0.019
6524.58363 17.676 0.014
6524.63198 17.697 0.016
6525.48801 17.846 0.021
6525.53797 17.925 0.022
6525.58522 17.722 0.019
6525.64087 17.641 0.021
6526.63147 17.767 0.017
6527.57326 17.815 0.020
6528.56660 17.809 0.015
6529.56724 17.670 0.016
6529.60869 17.724 0.018
6529.65156 17.809 0.020
6531.47563 17.893 0.022
6531.53481 17.954 0.018
6531.59652 17.683 0.014
6531.64401 17.652 0.014
6532.47737 17.692 0.014
6532.53315 17.900 0.014
6532.57648 17.916 0.015
6532.63605 17.659 0.014
6533.48837 17.633 0.015
6533.54732 17.860 0.017
6533.60785 17.927 0.017
6534.50601 17.679 0.017
6534.56812 17.801 0.016
6534.60954 17.867 0.016
6534.65245 17.969 0.020
6536.49036 17.926 0.016
6536.59008 17.632 0.011
6536.63260 17.702 0.013
6538.48919 17.834 0.015
6538.52728 17.919 0.015
6538.57499 17.854 0.017
6538.58195 17.861 0.017
6539.47819 17.724 0.014
6539.52958 17.804 0.011
6539.57876 17.914 0.013
6539.63830 17.784 0.012
6541.47563 17.656 0.013
6541.52541 17.653 0.013
6541.58911 17.786 0.013
6543.53269 17.768 0.013
6543.58419 17.624 0.012
6543.62853 17.670 0.014
6544.52006 17.963 0.018
6544.57063 17.773 0.013
6545.48259 17.779 0.014
6545.52805 17.857 0.012
6545.57312 17.872 0.016
6545.61902 17.804 0.017
6546.49045 17.794 0.020
6546.55862 17.846 0.020
6546.61285 17.938 0.020
6547.58559 17.834 0.040
6551.48418 17.861 0.025
6551.57389 17.950 0.025
6552.57760 17.930 0.023
6555.54540 17.645 0.019
6555.59713 17.704 0.017
6556.61540 17.652 0.019
6558.49349 17.752 0.012
6558.53758 17.911 0.015
6558.58133 17.944 0.018
6559.53688 17.742 0.014
6559.57704 17.894 0.018
6560.48453 17.678 0.017
6560.53787 17.633 0.013
6561.54179 17.588 0.013
6562.49695 17.920 0.018
6562.54411 17.729 0.017
6562.59102 17.656 0.013
6563.57012 17.648 0.016
6564.50841 17.913 0.023
6564.54945 17.982 0.019
6564.59414 17.810 0.020
6565.52091 17.847 0.017
6565.57172 17.886 0.019
6567.49848 17.705 0.020
6568.49974 17.781 0.022
6568.54622 17.640 0.019
6568.59015 17.639 0.017
6569.50525 17.913 0.015
6569.54633 17.833 0.014
6569.58738 17.650 0.014
6570.50102 17.916 0.020
6570.56517 17.971 0.024
6571.53075 17.856 0.021
6571.57762 17.979 0.023
6572.49901 17.769 0.020
6572.55920 17.847 0.018
6573.52487 17.692 0.016
6573.56966 17.777 0.018
6573.57832 17.781 0.019
6578.48440 17.811 0.032
6578.53342 17.775 0.020
6579.51037 17.669 0.017
6579.56009 17.770 0.025
6581.48588 17.852 0.035
6581.53207 17.750 0.020
6582.49710 17.928 0.025
6582.55157 17.757 0.018
6584.50399 17.823 0.023
6584.55002 17.895 0.032
6585.50608 17.645 0.019
6585.55070 17.877 0.028
6590.50000 17.766 0.020
6592.50032 17.735 0.024
6593.52398 17.658 0.021
6595.50186 18.080 0.043
6694.89235 17.842 0.022
6699.88964 17.665 0.015
6701.88554 17.888 0.014
6705.89093 17.681 0.017
6708.87745 17.865 0.015
6709.84570 17.660 0.013
6709.88900 17.791 0.014
6710.86196 17.615 0.012
6714.87096 17.887 0.018
6715.87557 17.771 0.012
6716.86563 17.620 0.010
6717.87804 17.696 0.017
6718.84256 17.911 0.020
6718.89810 17.640 0.013
6719.84021 17.872 0.016
6719.88790 17.914 0.018
6720.86461 17.877 0.013
6721.84351 17.732 0.014
6721.88821 17.870 0.014
6722.87241 17.717 0.013
6723.84894 17.639 0.012
6723.89668 17.685 0.011
6724.82929 17.979 0.020
6724.87623 17.729 0.017
6725.85319 17.968 0.015
6725.89905 17.689 0.014
6726.81581 17.835 0.014
6726.86724 17.912 0.015
6726.91063 17.820 0.018
6727.82162 17.726 0.010
6727.87076 17.859 0.011
6728.83941 17.631 0.010
6728.88472 17.826 0.012
6729.84246 17.661 0.012
6729.88763 17.730 0.011
6730.84180 17.713 0.017
6730.88926 17.637 0.016
6731.88757 17.756 0.015
6732.80073 17.812 0.016
6732.85015 17.976 0.020
6732.89350 17.888 0.016
6733.83557 17.801 0.013
6733.87914 17.883 0.014
6734.81736 17.719 0.014
6734.86539 17.752 0.013
6734.90950 17.886 0.014
6735.79456 17.669 0.017
6735.85892 17.623 0.014
6735.90221 17.749 0.013
6736.82477 17.717 0.018
6736.87910 17.610 0.014
6737.78568 17.910 0.017
6737.83267 17.910 0.013
6737.86529 17.746 0.012
6737.91021 17.628 0.013
6741.82888 17.665 0.012
6741.86087 17.729 0.014
6741.87701 17.749 0.012
6741.89009 17.761 0.012
6741.89746 17.795 0.011
6741.91364 17.839 0.014
6742.83673 17.626 0.010
6742.87973 17.651 0.009
6744.79878 17.870 0.014
6744.84586 17.959 0.014
6744.88936 17.722 0.010
6746.77293 17.582 0.012
6746.81961 17.762 0.012
6746.86295 17.819 0.012
6747.82670 17.673 0.011
6747.87635 17.791 0.011
6747.92046 17.890 0.017
6748.80448 17.657 0.011
6748.86188 17.689 0.011
6748.91596 17.857 0.015
6749.76868 17.900 0.016
6749.81521 17.853 0.012
6749.85819 17.654 0.010
6749.91154 17.700 0.013
6750.79323 17.944 0.018
6750.85264 17.892 0.014
6750.89935 17.644 0.010
6751.80760 17.897 0.011
6751.85804 17.945 0.011
6751.90452 17.781 0.011
6752.84437 17.862 0.012
6752.91924 17.919 0.014
6753.89136 17.960 0.020
6754.80358 17.626 0.014
6754.85996 17.640 0.012
6754.91137 17.864 0.020
6755.84077 17.662 0.012
6755.89551 17.674 0.012
6756.69614 17.737 0.013
6756.76084 17.889 0.012
6756.82036 17.889 0.011
6756.86363 17.656 0.011
6756.91818 17.645 0.012
6757.73849 17.727 0.014
6757.78757 17.858 0.014
6757.84521 17.927 0.017
6757.89511 17.747 0.011
6758.83503 17.873 0.018
6758.89181 17.941 0.018
6759.74118 17.643 0.011
6759.80029 17.701 0.011
6759.85551 17.789 0.010
6759.90137 17.933 0.011
6760.80531 17.617 0.011
6760.85092 17.690 0.010
6761.75901 17.878 0.017
6761.80251 17.665 0.012
6761.84662 17.655 0.012
6761.89791 17.761 0.016
6762.71897 17.838 0.016
6762.76662 17.891 0.014
6762.86254 17.645 0.009
6762.90804 17.624 0.012
6763.70688 17.696 0.013
6763.75470 17.794 0.014
6763.80121 17.890 0.015
6763.85837 17.884 0.019
6763.90404 17.681 0.013
6764.75551 17.676 0.013
6764.80354 17.839 0.016
6764.84656 17.921 0.013
6764.89211 17.874 0.016
6765.91251 17.894 0.019
6765.93199 17.891 0.025
6768.75804 17.897 0.013
6768.80887 17.811 0.016
6768.86188 17.639 0.017
6768.91403 17.698 0.010
6769.73634 17.791 0.012
6769.78215 17.932 0.014
6769.82610 17.917 0.014
6769.87000 17.661 0.012
6769.91401 17.624 0.012
6770.74189 17.777 0.013
6770.78556 17.831 0.012
6770.82944 17.935 0.013
6770.87516 17.838 0.013
6771.73410 17.705 0.011
6771.79399 17.753 0.012
6771.85286 17.946 0.015
6771.89796 17.885 0.014
6772.71910 17.730 0.011
6772.78179 17.684 0.012
6772.82537 17.732 0.011
6772.88418 17.874 0.012
6772.92780 17.924 0.017
6773.71392 17.957 0.018
6773.76319 17.713 0.014
6773.81673 17.619 0.014
6773.87272 17.714 0.013
6773.91595 17.881 0.013
6774.74475 17.929 0.016
6774.79021 17.798 0.017
6774.83362 17.667 0.016
6775.72581 17.792 0.011
6775.78619 17.944 0.013
6775.84067 17.766 0.011
6775.89712 17.631 0.011
6776.71707 17.723 0.012
6776.77733 17.778 0.012
6776.82670 17.915 0.014
6776.88615 17.683 0.013
6777.72515 17.664 0.010
6777.77703 17.726 0.011
6777.82280 17.846 0.014
6777.90641 17.862 0.015
6784.75700 17.668 0.014
6784.80601 17.753 0.013
6784.85776 17.837 0.020
6784.90255 17.950 0.017
6785.68322 17.924 0.014
6785.73058 17.745 0.013
6785.78535 17.609 0.011
6785.84261 17.747 0.014
6785.89913 17.856 0.015
6786.69135 17.920 0.015
6786.74915 17.831 0.014
6786.80466 17.635 0.011
6786.83041 17.669 0.013
6786.87534 17.734 0.015
6786.92167 17.857 0.017
6787.78972 17.884 0.014
6787.83528 17.666 0.013
6789.72379 17.658 0.015
6789.76706 17.805 0.015
6789.81531 17.874 0.017
6789.86910 17.887 0.020
6789.92685 17.629 0.015
6790.68147 17.640 0.017
6790.72496 17.629 0.015
6790.76904 17.734 0.016
6790.82161 17.860 0.018
6790.86729 17.905 0.021
6791.72320 17.699 0.018
6791.76738 17.662 0.015
6792.70598 17.876 0.022
6792.75385 17.691 0.017
6796.69715 17.615 0.016
6796.74083 17.636 0.016
6796.78844 17.784 0.018
6796.83776 17.876 0.017
6797.66245 17.885 0.020
6797.71661 17.698 0.017
6797.76593 17.671 0.015
6797.85589 17.832 0.020
6798.75654 17.615 0.020
6799.85757 17.728 0.022
6803.73903 17.648 0.011
6804.61572 17.911 0.015
6804.66402 17.914 0.015
6805.66901 17.914 0.019
6805.71556 17.910 0.017
6807.69796 17.780 0.019
6808.64323 17.657 0.015
6808.68988 17.671 0.013
6809.64625 17.868 0.014
6809.76143 17.716 0.011
6809.81684 17.877 0.016
6810.63089 17.912 0.018
6810.67663 17.871 0.016
6810.73336 17.631 0.012
6810.78872 17.698 0.013
6810.84275 17.831 0.016
6811.62677 17.863 0.019
6811.67412 17.871 0.017
6811.73047 17.854 0.016
6811.79258 17.635 0.015
6811.83879 17.722 0.017
6813.67152 17.751 0.018
6813.72088 17.840 0.015
6813.78161 17.905 0.016
6813.83501 17.661 0.015
6813.88582 17.691 0.016
6814.61483 17.746 0.017
6814.67346 17.664 0.012
6814.75099 17.835 0.014
6814.79642 17.904 0.016
6814.84073 17.869 0.017
6815.69044 17.672 0.015
6815.82272 17.917 0.017
6816.58397 17.866 0.021
6816.64602 18.004 0.021
6816.71181 17.698 0.016
6816.76800 17.693 0.016
6816.82255 17.791 0.015
6817.63414 17.890 0.017
6817.68343 17.863 0.018
6817.73393 17.678 0.015
6817.77885 17.614 0.015
6817.83258 17.781 0.019
6818.85391 17.819 0.025
6819.60391 17.690 0.020
6819.64123 17.696 0.020
6819.68101 17.821 0.019
6819.73082 17.945 0.023
6819.77068 17.919 0.023
6824.69775 17.931 0.020
6824.76582 17.605 0.015
6825.65086 17.743 0.015
6825.70737 17.911 0.017
6825.76327 17.917 0.017
6826.57455 17.703 0.018
6826.61819 17.648 0.015
6826.66262 17.717 0.014
6826.73013 17.843 0.017
6827.58962 17.830 0.017
6827.63468 17.644 0.013
6827.70265 17.710 0.013
6827.76929 17.884 0.015
6827.81428 17.854 0.017
6828.59012 17.885 0.014
6828.63564 17.814 0.013
6828.69157 17.623 0.012
6828.76040 17.765 0.014
6828.81388 17.859 0.016
6829.58851 17.913 0.020
6829.64253 17.914 0.018
6829.69985 17.675 0.015
6829.74421 17.524 0.013
6830.59614 17.763 0.015
6830.64999 17.932 0.013
6830.70794 17.834 0.011
6831.52750 17.650 0.012
6831.61563 17.717 0.012
6831.65920 17.828 0.013
6831.72792 17.888 0.014
6832.52071 17.890 0.017
6832.57212 17.655 0.014
6832.61681 17.673 0.014
6832.68396 17.811 0.017
6832.73044 17.905 0.016
6833.57059 17.876 0.020
6833.62071 17.697 0.015
6833.68797 17.706 0.015
6834.55706 17.909 0.018
6834.60063 17.874 0.019
6834.64381 17.647 0.015
6835.53424 17.791 0.019
6835.57975 17.914 0.018
6835.62303 17.933 0.017
6836.58936 17.844 0.020
6836.62973 17.918 0.018
6836.68973 17.856 0.016
6836.73672 17.740 0.020
6836.78111 17.715 0.019
6837.53626 17.633 0.013
6837.57955 17.680 0.013
6837.62294 17.800 0.014
6837.68808 17.878 0.015
6837.73163 17.872 0.017
6838.56296 17.684 0.018
6838.60818 17.654 0.014
6838.66198 17.785 0.015
6839.56143 17.859 0.017
6839.60530 17.634 0.016
6840.54517 17.916 0.024
6840.59075 17.925 0.020
6840.64296 17.753 0.020
6841.53635 17.871 0.017
6841.59117 17.977 0.015
6841.64693 17.794 0.015
6841.70266 17.623 0.014
6841.74576 17.736 0.016
6841.79000 17.800 0.021
6842.56248 17.846 0.020
6842.60577 17.866 0.018
6844.56208 17.602 0.013
6844.60564 17.702 0.014
6845.52365 17.926 0.016
6845.56671 17.708 0.014
6845.60986 17.625 0.013
6847.53233 17.850 0.019
6847.57114 17.888 0.019
6847.60821 17.966 0.018
6851.49973 17.930 0.021
6851.54952 17.685 0.016
6851.59605 17.635 0.015
6852.52477 18.019 0.029
6852.57693 17.744 0.024
6852.63136 17.639 0.018
6852.69219 17.708 0.025
6854.50636 17.784 0.015
6854.51452 17.721 0.016
6854.53056 17.787 0.014
6854.54763 17.783 0.011
6855.56353 17.754 0.019
6855.60762 17.888 0.016
6856.53073 17.644 0.013
6856.57470 17.678 0.014
6857.55861 17.690 0.014
6857.61367 17.687 0.012
6858.51425 17.939 0.015
6858.55886 17.802 0.013
6858.62425 17.654 0.011
6859.57277 17.886 0.023
6863.59905 17.704 0.012
6863.64457 17.829 0.015
6864.54670 17.766 0.017
6878.57372 18.073 0.037
6882.62543 17.772 0.014
6882.67388 17.917 0.018
6887.59073 17.833 0.013
6889.55652 17.645 0.013
6907.51365 17.636 0.015
6907.55752 17.724 0.017
6918.53171 17.778 0.020
6918.57564 17.854 0.020
6918.62212 17.969 0.028
6919.55999 17.752 0.017
6920.50943 17.785 0.023
6922.49655 17.882 0.021
6922.58521 17.702 0.018
6923.48310 17.986 0.032
6923.53236 18.040 0.027
6925.50854 17.705 0.020
6925.55340 17.786 0.020
6925.59909 17.968 0.025
6926.49779 17.642 0.020
6926.59231 17.824 0.019
6929.56250 17.846 0.023
7070.89175 17.639 0.015
7072.87387 17.941 0.017
7074.88990 17.865 0.018
7075.86715 17.719 0.018
7076.86775 17.635 0.012
7077.86509 17.718 0.019
7078.85605 17.933 0.017
7078.89378 17.817 0.014
7080.88937 17.885 0.015
7082.85784 17.611 0.012
7082.89732 17.733 0.014
7083.87996 17.642 0.015
7084.86025 17.915 0.016
7084.90510 17.647 0.013
7085.87842 17.945 0.016
7086.85514 17.868 0.017
7086.89913 17.910 0.016
7087.86665 17.759 0.017
7088.83775 17.618 0.013
7088.88231 17.746 0.015
7089.84810 17.671 0.015
7089.89183 17.646 0.014
7090.84746 17.872 0.016
7090.89161 17.611 0.012
7091.84546 17.941 0.019
7091.89010 17.856 0.017
7092.83707 17.835 0.015
7092.87596 17.941 0.017
7097.82841 17.917 0.014
7097.87237 17.856 0.013
7098.82224 17.880 0.014
7098.87609 17.949 0.014
7099.81784 17.778 0.015
7099.86579 17.902 0.016
7100.79463 17.600 0.012
7100.84043 17.728 0.013
7100.88545 17.817 0.014
7101.86759 17.641 0.017
7102.81525 17.933 0.023
7102.87712 17.655 0.016
7108.80578 17.820 0.019
7108.85274 17.625 0.016
7109.85679 17.678 0.014
7110.76610 17.795 0.013
7110.81123 17.894 0.013
7110.87651 17.884 0.014
7111.78702 17.743 0.014
7111.84321 17.892 0.014
7111.89862 17.900 0.014
7112.79468 17.695 0.016
7112.85803 17.815 0.015
7112.90563 17.941 0.016
7113.78142 17.658 0.012
7113.82553 17.642 0.012
7114.79201 17.815 0.014
7114.89390 17.710 0.013
7115.76325 17.892 0.018
7115.80657 17.892 0.017
7116.76948 17.871 0.019
7116.81365 17.917 0.020
7116.87662 17.770 0.015
7116.92166 17.646 0.016
7117.75162 17.709 0.014
7117.79658 17.817 0.014
7117.84141 17.876 0.015
7117.89831 17.853 0.014
7118.75535 17.609 0.015
7118.81018 17.752 0.014
7118.86169 17.862 0.015
7118.91004 17.937 0.016
7119.76547 17.595 0.017
7119.77330 17.649 0.016
7119.81688 17.676 0.017
7119.86082 17.881 0.018
7119.91093 17.898 0.019
7120.75842 17.854 0.020
7120.78181 17.742 0.019
7120.81437 17.617 0.014
7120.85334 17.686 0.014
7125.76574 17.674 0.016
7125.81471 17.686 0.012
7125.87237 17.822 0.013
7125.92054 17.928 0.016
7126.72881 17.906 0.016
7126.78136 17.684 0.013
7126.84616 17.660 0.011
7126.91311 17.817 0.013
7127.73480 17.920 0.014
7129.76491 17.852 0.016
7129.81793 17.956 0.015
7129.87786 17.816 0.013
7129.91742 17.689 0.014
7130.74580 17.690 0.013
7130.79869 17.741 0.014
7130.85310 17.889 0.015
7130.89905 17.958 0.018
7131.73244 17.644 0.013
7131.77593 17.648 0.012
7131.83284 17.765 0.012
7131.88973 17.918 0.014
7132.72473 17.884 0.015
7132.76806 17.677 0.013
7132.83843 17.702 0.012
7134.72338 17.853 0.017
7134.76781 17.969 0.017
7134.87937 17.637 0.013
7135.71064 17.748 0.012
7135.75419 17.814 0.012
7135.79858 17.914 0.013
7136.73154 17.714 0.014
7136.77497 17.769 0.014
7137.69673 17.696 0.011
7137.74105 17.616 0.010
7137.78548 17.683 0.010
7138.69651 17.907 0.017
7138.74180 17.699 0.014
7138.78592 17.666 0.012
7139.73662 17.924 0.016
7139.77940 17.688 0.014
7140.68608 17.786 0.017
7140.72614 17.908 0.019
7140.76947 17.881 0.015
7141.68574 17.693 0.013
7141.72974 17.828 0.013
7141.77411 17.922 0.012
7141.83595 17.838 0.012
7142.72601 17.700 0.012
7142.77073 17.816 0.014
7142.82572 17.947 0.016
7143.67987 17.683 0.016
7143.72286 17.673 0.015
7143.76698 17.763 0.016
7143.81346 17.824 0.015
7144.71384 17.713 0.020
7144.76868 17.596 0.013
7145.76467 17.660 0.016
7145.80968 17.670 0.014
7146.71344 17.902 0.019
7146.75047 17.912 0.019
7146.78778 17.762 0.016
7146.82841 17.672 0.014
7147.68267 17.732 0.020
7147.72061 17.899 0.022
7147.75798 17.921 0.020
7147.79538 17.920 0.021
7153.68541 17.744 0.013
7153.72997 17.884 0.014
7153.77363 17.913 0.013
7153.81936 17.701 0.012
7154.66411 17.635 0.011
7154.71338 17.764 0.012
7154.75720 17.873 0.014
7154.82049 17.923 0.016
7154.87361 17.643 0.012
7154.91697 17.636 0.012
7155.68055 17.614 0.012
7155.72497 17.698 0.012
7155.77161 17.756 0.013
7155.83859 17.900 0.016
7155.88187 17.870 0.016
7155.92544 17.657 0.015
7156.67526 17.765 0.013
7156.72078 17.617 0.010
7156.79835 17.769 0.011
7157.65850 17.925 0.015
7157.70798 17.810 0.013
7157.76790 17.607 0.010
7157.86996 17.807 0.017
7157.91451 17.943 0.017
7158.65003 17.778 0.015
7158.69427 17.928 0.015
7158.73795 17.887 0.015
7158.79315 17.607 0.013
7158.84903 17.725 0.015
7158.89257 17.788 0.017
7159.63668 17.736 0.013
7159.68026 17.815 0.014
7159.72405 17.936 0.017
7159.77959 17.856 0.014
7159.83507 17.644 0.012
7159.87890 17.697 0.014
7160.68846 17.750 0.015
7160.73179 17.861 0.015
7160.79987 17.909 0.015
7160.84312 17.727 0.013
7160.89098 17.677 0.014
7161.63871 17.627 0.014
7161.70141 17.653 0.011
7161.75451 17.826 0.013
7161.81096 17.900 0.014
7161.85532 17.870 0.013
7161.90120 17.640 0.013
7162.64442 17.895 0.018
7162.68907 17.661 0.013
7162.73257 17.687 0.014
7162.79943 17.779 0.014
7162.84346 17.950 0.017
7162.89038 17.897 0.017
7163.63892 17.905 0.025
7163.68355 17.871 0.019
7163.72788 17.673 0.014
7163.79263 17.686 0.014
7163.83706 17.813 0.015
7163.88108 17.928 0.020
7164.67940 17.876 0.017
7164.74205 17.726 0.014
7164.78938 17.629 0.012
7164.85220 17.760 0.015
7164.89547 17.922 0.019
7166.63061 17.712 0.018
7166.67391 17.777 0.016
7166.72727 17.908 0.017
7166.78540 17.951 0.016
7166.82972 17.734 0.015
7166.87390 17.782 0.021
7166.91797 17.729 0.017
7169.61734 17.922 0.015
7169.66171 17.890 0.013
7169.70642 17.642 0.011
7169.77239 17.683 0.011
7169.81702 17.780 0.012
7170.63430 17.859 0.015
7170.67832 17.916 0.015
7170.72271 17.727 0.015
7170.79225 17.668 0.014
7170.83916 17.734 0.013
7170.88224 17.860 0.017
7171.84345 17.646 0.013
7172.61997 17.657 0.016
7172.66450 17.807 0.018
7172.70885 17.875 0.016
7172.77490 17.889 0.019
7172.81868 17.695 0.016
7172.86992 17.658 0.016
7172.91379 17.750 0.017
7173.62509 17.657 0.018
7173.67079 17.739 0.016
7173.72547 17.821 0.015
7173.79025 17.893 0.019
7173.83707 17.801 0.017
7173.88095 17.626 0.015
7174.62054 17.825 0.018
7174.66481 17.658 0.016
7174.70861 17.673 0.016
7174.76241 17.795 0.016
7174.80738 17.938 0.020
7174.85091 17.886 0.021
7174.89773 17.672 0.021
7175.69329 17.687 0.018
7175.75233 17.669 0.017
7175.84608 17.862 0.018
7175.88765 17.905 0.026
7179.64771 17.695 0.020
7179.69149 17.784 0.018
7179.73902 17.915 0.018
7179.78363 17.978 0.020
7180.61435 17.648 0.018
7180.65732 17.706 0.017
7180.70138 17.717 0.014
7180.74890 17.794 0.017
7180.80010 17.914 0.017
7180.84704 17.866 0.017
7181.58108 17.905 0.015
7181.62422 17.879 0.014
7181.69294 17.633 0.013
7181.74020 17.770 0.016
7182.61285 17.902 0.017
7182.65639 17.946 0.015
7182.72004 17.702 0.015
7182.77614 17.723 0.014
7182.81961 17.818 0.015
7182.86658 17.961 0.016
7183.59529 17.801 0.015
7183.63899 17.867 0.016
7183.69220 17.914 0.018
7183.75060 17.643 0.015
7183.79388 17.648 0.014
7184.60236 17.654 0.018
7184.64552 17.840 0.021
7184.68940 17.873 0.018
7184.75635 17.919 0.018
7184.80018 17.713 0.020
7185.58121 17.656 0.015
7185.62411 17.693 0.016
7185.67694 17.785 0.020
7185.73421 17.929 0.017
7185.77836 17.971 0.017
7185.82132 17.748 0.017
7186.69743 17.886 0.022
7187.57948 17.963 0.019
7187.62351 17.882 0.018
7187.68617 17.643 0.012
7187.73316 17.702 0.013
7187.77782 17.837 0.016
7188.57876 17.891 0.020
7188.62217 17.934 0.018
7188.66517 17.830 0.018
7188.73619 17.653 0.014
7188.78069 17.757 0.018
7189.59791 17.816 0.015
7189.66251 17.953 0.016
7189.71039 17.753 0.014
7189.75589 17.619 0.013
7189.80506 17.704 0.014
7190.60919 17.781 0.016
7190.65508 17.885 0.015
7191.60656 17.614 0.014
7193.61427 17.740 0.014
7193.66003 17.648 0.010
7194.58340 17.912 0.015
7194.69767 17.635 0.011
7195.59238 17.889 0.013
7197.56900 17.660 0.014
7197.61564 17.727 0.013
7197.76986 17.795 0.016
7198.58000 17.688 0.015
7198.62529 17.630 0.013
7198.73725 17.937 0.017
7198.78052 17.943 0.020
7199.52799 17.951 0.020
7199.57110 17.901 0.016
7199.61451 17.671 0.013
7199.65903 17.644 0.011
7200.54062 17.872 0.015
7200.57107 17.933 0.016
7200.59607 17.908 0.015
7200.64044 17.727 0.012
7202.58430 17.762 0.019
7202.61109 17.899 0.023
7206.60254 17.862 0.026
7206.70409 17.706 0.020
7206.74708 17.817 0.020
7207.52598 17.759 0.018
7207.57053 17.856 0.019
7207.61390 17.945 0.019
7207.66005 17.772 0.016
7208.49028 17.651 0.015
7209.65229 17.891 0.021
7211.51753 17.829 0.020
7211.56039 17.799 0.016
7211.60311 17.676 0.013
7212.57381 17.973 0.015
7214.56560 17.808 0.015
7214.72896 17.655 0.016
7219.55734 18.079 0.029
7220.52632 17.745 0.014
7220.56923 17.869 0.014
7221.57309 17.765 0.015
7222.64562 17.799 0.018
7222.66210 17.856 0.016
7223.54556 17.672 0.017
7223.58912 17.638 0.014
7223.65393 17.771 0.015
7223.69756 17.919 0.019
7223.74064 17.959 0.021
7224.50983 17.890 0.016
7224.55661 17.874 0.016
7224.62787 17.652 0.017
7224.67702 17.740 0.017
7225.56883 17.931 0.017
7226.55739 17.933 0.018
7226.61589 17.883 0.015
7226.66933 17.655 0.012
7226.71302 17.601 0.012
7226.75590 17.771 0.018
7227.49656 17.702 0.020
7227.53986 17.774 0.013
7227.59278 17.843 0.013
7227.63923 17.961 0.016
7227.69492 17.775 0.015
7229.54077 17.672 0.013
7229.58417 17.629 0.011
7229.62951 17.743 0.014
7229.67658 17.869 0.016
7229.71997 17.886 0.017
7229.76313 17.821 0.017
7256.62167 17.622 0.016
7256.66563 17.737 0.021
7264.47896 17.769 0.020
7264.53602 17.912 0.020
7264.58089 17.942 0.020
7264.62523 17.850 0.018
7265.51301 17.686 0.013
7265.55913 17.787 0.015
7265.67608 17.698 0.018
7267.53483 17.677 0.016
7267.59129 17.732 0.018
7268.53364 17.744 0.012
7269.55658 17.849 0.015
7270.52420 17.939 0.019
7271.56330 17.818 0.018
7271.63011 17.896 0.017
7272.55928 17.798 0.020
7275.53688 18.024 0.038
7275.63570 17.783 0.025
7278.59614 17.907 0.019
7283.57308 17.997 0.027
7284.54660 17.824 0.017
7284.60687 17.942 0.020
7291.54283 18.037 0.036
7292.57375 17.858 0.029
7293.53122 17.628 0.018
7294.54247 17.942 0.029
7296.54283 17.857 0.026
7299.49221 17.762 0.020
7299.54144 17.634 0.016
7300.52117 17.956 0.024
7307.52931 17.989 0.029
7311.48498 17.639 0.025
7311.53142 17.674 0.016
7312.50674 17.712 0.020
7317.50750 17.765 0.023
7318.50662 17.681 0.018
7320.50682 17.945 0.035
7416.86347 17.690 0.024
7424.85432 17.889 0.014
7425.84936 17.966 0.021
7426.84872 17.969 0.027
7427.84322 17.718 0.017
7427.88662 17.807 0.024
7428.83894 17.670 0.012
7428.87905 17.707 0.014
7434.89144 17.784 0.020
7436.83211 17.870 0.018
7437.87111 17.844 0.014
7438.86444 17.959 0.017
7440.86314 17.746 0.015
7441.86516 17.701 0.015
7442.85776 17.647 0.016
7443.89902 17.661 0.018
7445.80989 17.702 0.021
7445.84721 17.879 0.017
7445.88690 17.982 0.018
7446.83158 17.735 0.013
7446.87151 17.833 0.013
7447.84335 17.646 0.013
7447.88113 17.743 0.014
7448.90894 17.722 0.018
7451.81104 17.778 0.017
7451.86952 17.935 0.020
7452.84159 17.788 0.012
7452.88838 17.931 0.014
7453.80896 17.595 0.010
7453.86304 17.743 0.011
7453.90698 17.833 0.020
7454.88867 17.698 0.014
7455.81700 17.881 0.016
7455.86196 17.731 0.015
7456.83702 17.792 0.016
7456.89163 17.693 0.014
7458.81242 17.762 0.017
7458.86706 17.898 0.017
7460.82645 17.662 0.013
7460.88219 17.752 0.013
7461.78394 17.874 0.014
7461.82849 17.654 0.011
7461.89229 17.639 0.011
7462.83019 17.893 0.014
7462.88964 17.631 0.011
7463.82760 17.934 0.015
7463.88945 17.804 0.013
7464.84129 17.912 0.014
7465.82923 17.742 0.014
7466.85513 17.648 0.012
7466.90493 17.765 0.013
7467.82924 17.649 0.015
7467.87475 17.629 0.011
7470.80085 17.797 0.017
7470.84545 17.927 0.021
7470.89969 17.900 0.016
7471.81106 17.797 0.018
7471.86798 17.824 0.018
7471.91196 17.957 0.019
7472.77672 17.623 0.015
7472.82143 17.705 0.015
7472.87655 17.793 0.017
7473.85902 17.697 0.017
7474.76834 17.979 0.022
7474.80758 17.841 0.018
7474.84555 17.675 0.015
7474.88386 17.639 0.016
7475.86557 17.788 0.032
7475.90788 17.653 0.015
7480.85772 17.713 0.020
7484.75637 17.651 0.014
7484.85990 17.855 0.016
7485.77481 17.767 0.016
7485.88040 17.844 0.015
7486.78125 17.889 0.018
7486.89096 17.829 0.018
7487.77492 17.952 0.018
7487.89499 17.690 0.014
7488.77579 17.878 0.015
7488.90019 17.637 0.012
7489.80548 17.856 0.015
7489.92299 17.668 0.014
7491.78776 17.623 0.013
7491.90872 17.906 0.012
7492.77618 17.715 0.012
7492.89677 17.767 0.012
7493.76379 17.920 0.015
7493.88428 17.643 0.011
7494.74539 17.801 0.013
7494.86980 17.672 0.012
7495.71649 17.707 0.016
7495.83392 17.963 0.019
7498.85527 17.731 0.017
7499.80897 17.651 0.015
7499.91024 17.717 0.016
7500.75000 17.875 0.020
7500.85017 17.674 0.017
7507.75930 17.899 0.017
7507.86486 17.712 0.013
7508.68477 17.642 0.011
7508.69888 17.602 0.011
7508.80774 17.854 0.012
7508.91051 17.683 0.013
7509.80243 17.770 0.015
7509.90469 17.945 0.020
7509.91888 17.888 0.017
7511.75561 17.796 0.012
7511.87714 17.775 0.014
7512.83596 17.702 0.012
7519.81493 17.873 0.018
7522.88263 18.129 0.030
7523.88091 17.900 0.017
7526.77496 17.917 0.018
7526.89522 17.665 0.019
7528.88672 17.859 0.027
7529.78676 17.806 0.029
7530.74494 17.804 0.019
7534.72774 17.685 0.014
7534.84158 17.920 0.018
7536.61251 17.880 0.020
7536.73794 17.735 0.014
7536.83809 17.762 0.015
7545.75020 17.969 0.018
7545.88252 17.647 0.015
7546.67139 17.649 0.014
7546.80601 17.937 0.017
7546.90455 17.721 0.020
7547.79961 17.808 0.014
7547.89809 18.047 0.026
7548.79457 17.765 0.013
7549.67268 17.912 0.013
7549.81065 17.676 0.013
7549.90871 17.896 0.020
7550.66356 17.926 0.021
7550.80318 17.708 0.014
7550.90215 17.826 0.021
7554.56473 17.927 0.029
7554.73745 17.675 0.016
7555.59967 17.780 0.017
7555.70705 17.836 0.015
7555.80967 17.662 0.014
7557.64811 17.720 0.015
7557.70089 17.898 0.020
7557.77174 17.966 0.020
7561.51960 17.719 0.021
7561.65560 17.869 0.022
7561.77283 17.649 0.017
7562.64932 17.855 0.018
7566.61453 17.949 0.023
7566.72697 17.679 0.013
7567.53441 17.742 0.017
7567.65369 17.948 0.016
7567.75600 17.581 0.014
7568.62841 17.867 0.016
7569.52308 17.720 0.019
7569.65638 17.835 0.014
7569.77232 17.688 0.015
7570.59647 17.611 0.010
7570.73622 17.899 0.016
7570.78404 17.876 0.018
7573.60445 17.988 0.018
7573.65543 17.792 0.014
7573.70932 17.732 0.015
7575.53705 17.679 0.016
7575.58628 17.815 0.019
7575.63890 17.913 0.018
7575.68900 17.918 0.013
7575.72841 17.877 0.015
7575.76702 17.697 0.013
7575.80537 17.641 0.014
7576.50514 17.910 0.016
7576.57322 17.650 0.012
7576.63053 17.757 0.011
7576.67252 17.820 0.014
7576.71112 17.911 0.015
7576.74953 17.923 0.017
7576.78759 17.846 0.017
7577.58824 17.677 0.013
7579.61668 17.904 0.016
7579.67171 17.608 0.010
7579.72574 17.740 0.018
7579.76634 17.806 0.015
7581.75087 17.666 0.013
7583.75641 17.942 0.019
7584.53901 17.918 0.020
7584.57768 17.876 0.021
7584.61608 17.716 0.017
7584.65649 17.673 0.016
7584.69443 17.760 0.019
7584.73278 17.779 0.017
7584.78309 17.925 0.020
7589.49871 17.883 0.025
7589.54415 17.744 0.020
7589.58301 17.634 0.019
7589.62749 17.668 0.018
7589.67239 17.800 0.022
7589.71056 17.912 0.023
7589.75694 18.027 0.034
7589.79524 17.802 0.026
7590.47185 17.822 0.025
7590.50972 17.914 0.018
7590.54750 17.918 0.016
7590.58600 17.673 0.013
7590.67010 17.710 0.016
7590.70781 17.805 0.019
7590.76006 17.838 0.019
7591.55662 17.944 0.035
7593.48498 17.664 0.015
7593.53268 17.690 0.013
7593.57923 17.820 0.014
7593.66338 17.952 0.015
7593.70056 17.769 0.013
7593.73923 17.644 0.012
7593.77660 17.676 0.013
7595.57691 17.772 0.020
7595.70940 18.066 0.027
7596.55503 17.798 0.011
7597.58446 17.918 0.015
7599.51121 17.688 0.017
7599.59320 17.866 0.019
7599.63609 17.930 0.020
7599.71700 17.696 0.015
7599.75866 17.656 0.015
7600.52017 17.651 0.018
7600.58594 17.866 0.018
7600.67786 17.853 0.016
7602.49741 18.007 0.021
7602.58227 17.681 0.014
7602.63956 17.780 0.017
7603.47247 17.836 0.017
7603.51000 17.925 0.018
7603.55691 17.905 0.015
7603.60469 17.674 0.013
7603.64255 17.626 0.011
7603.68013 17.731 0.013
7603.71989 17.831 0.017
7603.75755 17.992 0.020
7604.48005 17.757 0.017
7604.52088 17.932 0.020
7604.55823 17.906 0.014
7604.59825 17.920 0.015
7604.63634 17.724 0.013
7604.67477 17.643 0.013
7604.71224 17.732 0.014
7605.62823 17.946 0.018
7605.66597 17.804 0.016
7605.70350 17.687 0.016
7605.74079 17.713 0.016
7607.50238 17.730 0.015
7607.56780 17.650 0.014
7607.61350 17.779 0.015
7607.65715 17.856 0.015
7607.70076 17.865 0.015
7607.74259 17.801 0.018
7608.48859 17.948 0.019
7608.61975 17.733 0.012
7608.66408 17.794 0.013
7608.70847 17.972 0.017
7609.48957 17.837 0.018
7609.53384 17.961 0.020
7609.60045 17.650 0.013
7609.64453 17.677 0.013
7610.50356 17.840 0.018
7610.55466 17.968 0.019
7610.61860 17.708 0.014
7610.66253 17.646 0.013
7610.70655 17.725 0.015
7611.63336 17.891 0.019
7611.67915 17.753 0.019
7612.52157 17.660 0.020
7612.56164 17.817 0.018
7612.59991 17.863 0.021
7612.63753 17.878 0.024
7612.67538 17.833 0.024
7612.71299 17.690 0.018
7616.48313 17.832 0.020
7616.52997 17.948 0.030
7616.57696 17.886 0.019
7616.62335 17.651 0.015
7617.51263 17.871 0.023
7617.56053 17.891 0.022
7617.60470 17.918 0.023
7617.64847 17.639 0.017
7617.69224 17.707 0.020
7618.47514 17.677 0.020
7618.52025 17.735 0.018
7618.56578 17.831 0.018
7618.60940 17.857 0.021
7618.65312 17.870 0.021
7618.69496 17.664 0.020
7619.55638 17.774 0.020
7621.60268 17.659 0.015
7621.65190 17.819 0.018
7621.69861 17.896 0.023
7622.61355 17.681 0.014
7622.66720 17.697 0.013
7623.53517 17.917 0.017
7623.59853 17.880 0.015
7623.64274 17.662 0.014
7623.68676 17.683 0.016
7624.47536 17.724 0.019
7624.58655 17.881 0.017
7624.63474 17.890 0.016
7624.68143 17.670 0.015
7625.50838 17.650 0.013
7625.62409 17.951 0.018
7626.63198 17.891 0.017
7630.57656 17.969 0.017
7630.62112 17.897 0.016
7631.56843 17.820 0.013
7631.61306 17.904 0.016
7632.52297 17.648 0.012
7632.56793 17.711 0.014
7632.61288 17.832 0.015
7632.65560 17.980 0.020
7633.58032 17.773 0.022
7633.62578 17.758 0.017
7634.55700 17.768 0.018
7635.48311 17.949 0.022
7635.54229 17.963 0.021
7635.59425 17.684 0.015
7636.55006 17.918 0.020
7636.59524 17.905 0.020
7636.63715 17.712 0.016
7637.50695 17.782 0.018
7637.55567 17.894 0.017
7637.59953 17.916 0.016
7637.64148 17.857 0.019
7638.52245 17.728 0.019
7639.53581 17.661 0.017
7639.59068 17.759 0.014
7645.53234 17.730 0.028
7647.56479 17.648 0.017
7647.61547 17.729 0.024
7651.53640 17.714 0.016
7652.56466 17.726 0.015
7656.48412 17.727 0.020
7662.48705 17.710 0.021
7790.88360 17.753 0.019
7792.85947 17.839 0.019
7793.85690 17.733 0.017
7793.88830 17.797 0.020
7794.85764 17.698 0.023
7795.86263 17.653 0.020
7797.87181 17.852 0.020
7799.86674 17.855 0.021
7800.85073 17.667 0.017
7801.84121 17.748 0.027
7801.88654 17.696 0.019
7802.88443 17.698 0.022
7803.86770 17.908 0.025
7808.83066 17.834 0.019
7810.83432 17.932 0.017
7812.85614 17.743 0.014
7812.90097 17.882 0.017
7813.84555 17.658 0.014
7814.85551 17.644 0.013
7814.90313 17.706 0.018
7815.86914 17.667 0.014
7816.85895 17.942 0.017
7817.85547 17.904 0.015
7817.90067 17.906 0.016
7818.84167 17.766 0.014
7818.88676 17.900 0.014
7819.87323 17.719 0.013
7820.87595 17.666 0.013
7821.85884 17.666 0.016
7822.80688 17.951 0.023
7822.85150 17.851 0.019
7822.89625 17.636 0.013
7823.88140 17.958 0.018
7824.87754 17.919 0.021
7825.86911 17.800 0.017
7826.82802 17.616 0.019
7826.87270 17.675 0.018
7827.80203 17.859 0.018
7827.84635 17.617 0.014
7827.89113 17.644 0.014
7828.81568 17.934 0.019
7828.86014 17.756 0.015
7828.90501 17.631 0.014
7829.84214 17.961 0.022
7830.80072 17.749 0.023
7830.84177 17.902 0.020
7830.88011 17.904 0.019
7834.83371 17.855 0.016
7834.88089 17.659 0.015
7835.82751 18.072 0.028
7835.87927 17.790 0.017
7836.81658 17.984 0.022
7836.86564 17.961 0.020
7836.91357 17.850 0.020
7837.78370 17.727 0.015
7837.83003 17.836 0.016
7837.87689 17.857 0.014
7838.90277 17.846 0.014
7839.82055 17.686 0.012
7839.86969 17.677 0.012
7840.78949 17.928 0.017
7840.84609 17.652 0.013
7840.89362 17.636 0.012
7841.86247 17.869 0.020
7842.76429 17.766 0.017
7842.81069 17.902 0.017
7843.76873 17.707 0.014
7843.82412 17.777 0.016
7844.76529 17.671 0.013
7844.82071 17.724 0.019
7844.86632 17.798 0.019
7845.75854 17.871 0.018
7845.81387 17.673 0.014
7845.91187 17.791 0.014
7846.85187 17.638 0.013
7846.90319 17.714 0.015
7847.78595 17.946 0.017
7848.76888 17.835 0.017
7848.81475 17.946 0.015
7848.92042 17.691 0.014
7849.79758 17.784 0.014
7849.85329 17.921 0.014
7849.90425 17.887 0.014
7850.82536 17.768 0.014
7850.88317 17.900 0.015
7851.76589 17.681 0.018
7851.81233 17.661 0.016
7851.85905 17.737 0.014
7851.91929 17.885 0.016
7852.88956 17.722 0.017
7853.87201 17.777 0.022
7853.88362 17.637 0.017
7853.91504 17.727 0.020
7854.76592 17.845 0.018
7854.82138 17.909 0.018
7854.91885 17.580 0.013
7855.76455 17.777 0.015
7855.81168 17.862 0.018
7855.86003 17.903 0.017
7855.91847 17.744 0.016
7856.79103 17.703 0.020
7856.83791 17.865 0.025
7856.89827 17.978 0.030
7857.85384 17.772 0.022
7858.77385 17.770 0.016
7858.81067 17.657 0.014
7858.84466 17.673 0.018
7858.88744 17.682 0.015
7862.82692 17.830 0.018
7862.87540 17.911 0.020
7863.88953 17.878 0.016
7866.91086 17.643 0.011
7867.88143 17.795 0.014
7867.92824 17.678 0.016
7870.79562 17.633 0.011
7870.85374 17.761 0.013
7871.88025 17.707 0.013
7872.72438 17.852 0.014
7872.77069 17.902 0.013
7873.93124 17.664 0.017
7876.79810 17.640 0.012
7876.90733 17.907 0.018
7877.78126 17.655 0.012
7877.83170 17.647 0.012
7877.88443 17.759 0.015
7880.78787 17.924 0.022
7880.84608 17.971 0.024
7881.88368 17.923 0.032
7881.93994 17.744 0.040
7889.91815 18.046 0.042
7890.83860 17.624 0.017
7901.85081 17.923 0.019
7904.79516 17.922 0.015
7904.84308 17.661 0.015
7905.70439 17.719 0.012
7906.66043 17.666 0.012
7932.76985 17.757 0.020
7935.64391 17.758 0.014
7935.74028 17.942 0.015
7936.48562 17.969 0.020
7937.72848 17.802 0.019
7938.65031 17.683 0.022
7945.60613 17.971 0.018
7945.70241 17.619 0.013
7946.71077 17.731 0.017
7947.78935 17.729 0.021
7948.61818 17.699 0.014
7949.68524 17.673 0.020
7949.73434 17.914 0.024
7953.58906 17.750 0.012
7953.74616 17.652 0.013
7956.76596 17.898 0.020
7958.57154 17.869 0.025
7960.65038 17.710 0.013
7961.53208 17.743 0.014
7962.65350 17.681 0.012
